Vous avez choisi l'algorithme de Bellman, partant du sommet 5

Déroulement de l'algorithme de Bellman:
+---+-------+-------+-------+-------+-------+-------+-------+-------+
| k |   0   |   1   |   2   |   3   |   4   |   5   |   6   |   7   |
+---+-------+-------+-------+-------+-------+-------+-------+-------+
| 0 |   ∞   |   ∞   |   ∞   |   ∞   |   ∞   |  0(5) |   ∞   |   ∞   |
| 1 |   ∞   |   ∞   |   ∞   |   ∞   |  2(5) |  0(5) |  0(5) |   ∞   |
| 2 |  5(4) |   ∞   |   ∞   |   ∞   |  2(5) |  0(5) |  0(5) |  4(6) |
| 3 |  5(4) | 10(0) |   ∞   |  5(7) |  2(5) |  0(5) |  0(5) |  4(6) |
| 4 |  5(4) | 10(0) |  7(3) |  5(7) |  2(5) |  0(5) | -1(3) |  4(6) |
| 5 |  5(4) | 10(0) |  7(3) |  5(7) |  2(5) |  0(5) | -1(3) |  3(6) |
| 6 |  5(4) | 10(0) |  7(3) |  4(7) |  2(5) |  0(5) | -1(3) |  3(6) |
| 7 |  5(4) | 10(0) |  6(3) |  4(7) |  2(5) |  0(5) | -2(3) |  3(6) |
+---+-------+-------+-------+-------+-------+-------+-------+-------+
Impossible de continuer plus loin : présence d'un circuit absorbant.

