==== Graphe n°1 ====
Le graphe possède 8 sommets.

Matrice d'adjascence:
       +---+---+---+---+---+---+---+---+
       | 0 | 1 | 2 | 3 | 4 | 5 | 6 | 7 |
+------+---+---+---+---+---+---+---+---+
| 0    |   | 1 |   |   |   |   |   |   |
| 1    |   |   | 1 |   | 1 | 1 |   |   |
| 2    |   |   |   |   |   |   | 1 |   |
| 3    |   |   | 1 |   |   |   | 1 |   |
| 4    | 1 |   |   |   |   |   |   |   |
| 5    |   |   |   |   | 1 |   | 1 |   |
| 6    |   |   |   |   |   |   |   | 1 |
| 7    |   |   |   | 1 |   |   |   |   |
+------+---+---+---+---+---+---+---+---+

Matrice de valeurs:
       +---+---+---+---+---+---+---+---+
       | 0 | 1 | 2 | 3 | 4 | 5 | 6 | 7 |
+------+---+---+---+---+---+---+---+---+
| 0    |   | 5 |   |   |   |   |   |   |
| 1    |   |   | 0 |   | 5 | 1 |   |   |
| 2    |   |   |   |   |   |   | 1 |   |
| 3    |   |   | 2 |   |   |   | 0 |   |
| 4    | 3 |   |   |   |   |   |   |   |
| 5    |   |   |   |   | 2 |   | 0 |   |
| 6    |   |   |   |   |   |   |   | 4 |
| 7    |   |   |   | 1 |   |   |   |   |
+------+---+---+---+---+---+---+---+---+


Vous avez choisi l'algorithme de Bellman, partant du sommet 1.

Déroulement de l'algorithme de Bellman:
+---+------+------+------+------+------+------+------+------+
| k |  0   |  1   |  2   |  3   |  4   |  5   |  6   |  7   |
+---+------+------+------+------+------+------+------+------+
| 0 |  ∞   | 0(1) |  ∞   |  ∞   |  ∞   |  ∞   |  ∞   |  ∞   |
| 1 |  ∞   | 0(1) | 0(1) |  ∞   | 5(1) | 1(1) |  ∞   |  ∞   |
| 2 | 8(4) | 0(1) | 0(1) |  ∞   | 3(5) | 1(1) | 1(2) |  ∞   |
| 3 | 6(4) | 0(1) | 0(1) |  ∞   | 3(5) | 1(1) | 1(2) | 5(6) |
| 4 | 6(4) | 0(1) | 0(1) | 6(7) | 3(5) | 1(1) | 1(2) | 5(6) |
| 5 | 6(4) | 0(1) | 0(1) | 6(7) | 3(5) | 1(1) | 1(2) | 5(6) |
+---+------+------+------+------+------+------+------+------+

Résultat de l'algorithme de Bellman:
+----------+-----------+-----------+-----------+-----------+-----------+-----------+-----------+-----------+
| Sommets  |     0     |     1     |     2     |     3     |     4     |     5     |     6     |     7     |
+----------+-----------+-----------+-----------+-----------+-----------+-----------+-----------+-----------+
| CC       |  1 5 4 0  |     1     |    1 2    | 1 2 6 7 3 |   1 5 4   |    1 5    |   1 2 6   |  1 2 6 7  |
| Distance |     6     |     0     |     0     |     6     |     3     |     1     |     1     |     5     |
+----------+-----------+-----------+-----------+-----------+-----------+-----------+-----------+-----------+

