==== Graphe n°3 ====
Le graphe possède 8 sommets.

Matrice d'adjascence:
       +---+---+---+---+---+---+---+---+
       | 0 | 1 | 2 | 3 | 4 | 5 | 6 | 7 |
+------+---+---+---+---+---+---+---+---+
| 0    |   | 1 |   |   |   |   |   |   |
| 1    |   |   | 1 |   | 1 | 1 |   |   |
| 2    |   |   |   |   |   |   | 1 |   |
| 3    |   |   | 1 |   |   |   | 1 |   |
| 4    | 1 |   |   |   |   |   |   |   |
| 5    |   |   |   |   | 1 |   | 1 |   |
| 6    |   |   |   |   |   |   |   | 1 |
| 7    |   |   |   | 1 |   |   |   |   |
+------+---+---+---+---+---+---+---+---+

Matrice de valeurs:
       +-----+-----+-----+-----+-----+-----+-----+-----+
       |  0  |  1  |  2  |  3  |  4  |  5  |  6  |  7  |
+------+-----+-----+-----+-----+-----+-----+-----+-----+
| 0    |     |  5  |     |     |     |     |     |     |
| 1    |     |     |  0  |     | -10 |  1  |     |     |
| 2    |     |     |     |     |     |     |  1  |     |
| 3    |     |     |  2  |     |     |     |  0  |     |
| 4    |  3  |     |     |     |     |     |     |     |
| 5    |     |     |     |     |  2  |     |  0  |     |
| 6    |     |     |     |     |     |     |     |  4  |
| 7    |     |     |     |  1  |     |     |     |     |
+------+-----+-----+-----+-----+-----+-----+-----+-----+


Vous avez choisi l'algorithme de Bellman, partant du sommet 0.

Déroulement de l'algorithme de Bellman:
+---+-------+-------+-------+-------+-------+-------+-------+-------+
| k |   0   |   1   |   2   |   3   |   4   |   5   |   6   |   7   |
+---+-------+-------+-------+-------+-------+-------+-------+-------+
| 0 |  0(0) |   ∞   |   ∞   |   ∞   |   ∞   |   ∞   |   ∞   |   ∞   |
| 1 |  0(0) |  5(0) |   ∞   |   ∞   |   ∞   |   ∞   |   ∞   |   ∞   |
| 2 |  0(0) |  5(0) |  5(1) |   ∞   | -5(1) |  6(1) |   ∞   |   ∞   |
| 3 | -2(4) |  5(0) |  5(1) |   ∞   | -5(1) |  6(1) |  6(2) |   ∞   |
| 4 | -2(4) |  3(0) |  5(1) |   ∞   | -5(1) |  6(1) |  6(2) | 10(6) |
| 5 | -2(4) |  3(0) |  3(1) | 11(7) | -7(1) |  4(1) |  6(2) | 10(6) |
| 6 | -4(4) |  3(0) |  3(1) | 11(7) | -7(1) |  4(1) |  4(2) | 10(6) |
| 7 | -4(4) |  1(0) |  3(1) | 11(7) | -7(1) |  4(1) |  4(2) |  8(6) |
| 8 | -4(4) |  1(0) |  1(1) |  9(7) | -9(1) |  2(1) |  4(2) |  8(6) |
+---+-------+-------+-------+-------+-------+-------+-------+-------+
Impossible de continuer plus loin : présence d'un circuit absorbant.

